$ANSIBLE_VAULT;1.1;AES256
39323963613030663931383331626635393833393865633035313531636630313434636262393530
3064396637343937303738306661333961656134636532310a626666633461396363303635386435
63616362356366346565313134663661633637346435323966396137363862316465373538663834
6634616130346333660a323338326133393461383839383565316538396564633137616532343465
63333662393730663430336234323361393164356130616434653135643366613638383164356564
37353134373331353166373961653036343762653462386166616261356561623138343336386236
62363663656139306633356631346632383238343865376332663233326264313337633564366231
34396139326135386663653530633961383865316163356233383666663462306361363466396533
63366131343934383362366133653435623338353964396534333331303635643734366438613261
34663434653963663830313637356361623437623234663866613162643439376664616239346632
66363333303561396332373031363665306266373564666235393666323333623962646363353264
37643662333431643736643563356330346233663232396264376637393337333165613361306666
33653735333332393262343265393239386161623261316663396436393064633338383563316330
61333863326132626466343366613463643332386233613735613132626334636666333934666539
37363237363962343339336531353136393264306537383364383035343630366364323536396539
66356338316634323331323465623239353530346132383731386661366361366261396437303434
62363136346266326232306364363139393739333438366434653034613535333433313136303536
32323639663936663638383433303139613036363231386438353734343139616431653161623937
38666430343162646331376332313335633039396361373838626330396236356537373631323166
63333137363563396364336138316265336337343836356334656231656266613138306661646339
30326238313734393062646636313164623133656433653639363436396637613538363637346261
33656430363330393265646165613236353262613362303565313466343833343739343236663139
66356236653362353234633139363433613736636231333561343463363431656133636261656230
62613734343561336264376262383933306662343336316432623335656433663233363061643333
62326161323330316266333233306264313631346365646139323536653033346236633236633339
65356432366139663565323534643334616435366539356638303737313632386139623661633631
30313934393365396231326330623964626663633932616334336463333362336136656231353166
30396630333762343464363231316436356638366462383361303138356339313364373866663632
66313661393538613235373163383462353863336435353936613865363562353564316231363730
37663732633263636462646464316332366231373632343433653135633531643761376466306561
34376339363033383565623963643438346164376365343433386538383162353533613333356637
61636636343563623637
